2.236472000731737353e+00
4.888670000582351349e-01
1.997915999709221069e+00
2.030400000876397826e-01
1.146470000094268471e+00
2.161352000257465988e+00
3.831200046988669783e-02
1.055066999470000155e+00
2.088135000121837948e+00
3.000600008817855269e-02
1.005314000394719187e+00
2.013895000345655717e+00
5.560999852605164051e-03
9.946840000338852406e-01
2.014476999647740740e+00
1.453699951525777578e-02
1.027585999509028625e+00
2.041276000454672612e+00
3.818200002569938079e-02
1.151558999481494538e+00
2.164628999707929324e+00
1.213879995702882297e-01
1.127804999669024255e+00
2.149819999431201722e+00
1.146550002886215225e-01
1.116653000281075947e+00
2.132309000444365665e+00
9.042900001077214256e-02
1.087067999833379872e+00
2.082986000459641218e+00
6.012299945723498240e-02
1.061318999745708425e+00
2.060494000033941120e+00
4.558599994197720662e-02
1.040099999954691157e+00
2.029194000897405203e+00
4.798999725608155131e-03
9.954560000551282428e-01
1.996584000153234228e+00
2.994102999764436390e+00
9.495309996054857038e-01
1.947500999449403025e+00
2.933179000137897674e+00
9.248339993064291775e-01
1.923145000546355732e+00
2.921145999607688282e+00
8.684679996804334223e-01
1.865307000116445124e+00
2.864349999981641304e+00
8.144079993144259788e-01
1.817908999328210484e+00
2.815228000144998077e+00
7.664169997951830737e-01
1.764447999448748305e+00
2.763381000477238558e+00
7.135779997042845935e-01
1.712790999590652063e+00
2.712556000005861279e+00
6.590960001631174237e-01
1.652818999900773633e+00
2.650751000146556180e+00
6.321049995676730759e-01
1.659019999351585284e+00
2.660678999745869078e+00
6.381960001817787997e-01
1.635266000448609702e+00
2.638287000081618316e+00
5.607310004052123986e-01
1.560125000651169103e+00
2.563875999840092845e+00
5.083020005258731544e-01
1.506835000327555463e+00
2.504516000044532120e+00
4.838569993808050640e-01
1.493159999881754629e+00
2.495218000149179716e+00
4.753419998451136053e-01
1.475496999773895368e+00
2.486192000105802435e+00
4.452149996723164804e-01
1.449408000553376041e+00
2.455733999340736773e+00
4.113509994567721151e-01
1.380649000566336326e+00
2.362028999414178543e+00
3.417500001887674443e-01
1.341455000329005998e+00
2.345157000490871724e+00
2.811170006680185907e-01
1.276693000363593455e+00
2.292317000865295995e+00
2.337579999220906757e-01
1.233924000189290382e+00
2.255077999507193454e+00
2.030010000453330576e-01
1.209146999826771207e+00
2.200666000135242939e+00
1.484880003772559576e-01
1.147640999988652766e+00
2.143888999853515998e+00
2.075900010822806507e-02
9.913479998431284912e-01
2.024215999881562311e+00
3.041300999939267058e+00
9.715610003695474006e-01
1.975412999854597729e+00
2.959648999421915505e+00
7.775980002406868152e-01
1.777413000127125997e+00
2.785411999866482802e+00
7.394459998977254145e-01
1.727780000692291651e+00
2.796963999571744353e+00
7.542940002167597413e-01
1.773103999767045025e+00
2.772306999759166501e+00
7.313719997910084203e-01
1.732548000290989876e+00
2.738604000114719383e+00
7.003729997450136580e-01
1.712630999463726766e+00
2.723766999224608298e+00
6.765890002498053946e-01
1.676762999522907194e+00
2.713386999857902993e+00
6.609400006709620357e-01
1.669018999564286787e+00
2.676217000043834560e+00
6.251219992918777280e-01
1.625556999897526111e+00
2.621143999931518920e+00
5.196140000407467596e-01
1.520230000096489675e+00
2.524593000089225825e+00
4.786270001204684377e-01
1.465368000026501250e+00
2.627597999889985658e+00
4.689589995905407704e-01
1.473602000260143541e+00
2.480381000168563332e+00
4.378710000310093164e-01
1.437123999494360760e+00
2.434976000586175360e+00
3.932179997718776576e-01
1.392351000504277181e+00
2.400471999862929806e+00
3.734709998752805404e-01
1.369648000036249869e+00
2.376305000325373840e+00
2.938409998023416847e-01
1.298023999879660551e+00
2.303467999809072353e+00
2.613300002849427983e-01
1.252998999916599132e+00
2.266790000248875003e+00
2.236489999631885439e-01
1.222361999680288136e+00
2.226383999186509755e+00
1.740459993015974760e-01
1.170935000118333846e+00
2.184795000175654422e+00
1.203659994644112885e-01
1.154273999418364838e+00
2.154359000087424647e+00
1.073920002454542555e-01
1.106163999793352559e+00
2.105026999743131455e+00
8.877700020093470812e-02
1.089733000299020205e+00
2.091510999889578670e+00
3.638900034275138751e-02
1.035301000229083002e+00
2.033562000178790186e+00
3.027617000043392181e+00
9.803579996514599770e-01
1.978869000595295802e+00
2.983344999847759027e+00
9.284210000259918161e-01
1.918426999509392772e+00
2.916899999945599120e+00
8.703209996383520775e-01
1.871950000349897891e+00
2.872025000215217005e+00
8.092070002021500841e-01
1.808551999602059368e+00
2.785611999570392072e+00
8.093870001175673679e-01
1.808742000321217347e+00
2.816260000145121012e+00
7.635020001544035040e-01
1.759599999786587432e+00
2.761486999588669278e+00
7.106730008672457188e-01
1.714414999696600717e+00
2.713998000217543449e+00
6.607390005228808150e-01
1.660494000134349335e+00
2.657321999322448391e+00
5.957769999440643005e-01
1.594459999978425913e+00
2.585325999461929314e+00
5.263769999146461487e-01
1.519448000181000680e+00
2.514965000045776833e+00
4.652130000977194868e-01
1.513066999905277044e+00
2.511579000383790117e+00
4.607649998433771543e-01
1.458955999623867683e+00
2.456174999679205939e+00
4.130049992454587482e-01
1.412769000125990715e+00
2.418293999653542414e+00
3.648140000223065726e-01
1.357174000077066012e+00
2.355286000238265842e+00
3.229049998481059447e-01
1.359437999781221151e+00
2.358662999540683813e+00
3.083989995502633974e-01
1.309645000219461508e+00
2.308017999894218519e+00
2.601579999463865533e-01
1.259141000446106773e+00
2.274845999636454508e+00
2.188409998780116439e-01
1.214806999996653758e+00
2.218139000433438923e+00
1.741670002957107499e-01
1.172428000245417934e+00
2.170158999433624558e+00
1.281800005017430522e-01
1.126982000641874038e+00
2.131516999725135975e+00
8.085199988272506744e-02
1.074855000297247898e+00
2.104073999362299219e+00
5.527400026039686054e-02
9.839350004767766222e-01
1.982796999982383568e+00
3.005153999765752815e+00
9.462449997954536229e-01
1.944534999893221539e+00
2.980627999932039529e+00
9.286509994126390666e-01
1.929207000102906022e+00
2.929942999799095560e+00
8.880750001480919309e-01
1.976114000171946827e+00
2.975018000142881647e+00
9.133220000876463018e-01
1.909540000269771554e+00
2.921880000030796509e+00
8.554429996365797706e-01
1.854977999755647033e+00
2.930936000666406471e+00
8.866829994076397270e-01
1.893329999802517705e+00
2.890630000365490559e+00
8.409760002905386500e-01
1.842925000346440356e+00
2.839395000592048746e+00
7.839299996703630313e-01
1.791838999452011194e+00
2.798386999529611785e+00
7.509679999202489853e-01
1.752555999701144174e+00
2.828523999596654903e+00
7.645640007467591204e-01
1.767614000527828466e+00
2.770273000351153314e+00
7.369819995801663026e-01
1.745222999488760252e+00
2.739646000009088311e+00
6.959839993214700371e-01
1.696390999313734937e+00
2.696073999686632305e+00
6.467829998655361123e-01
1.643321000301511958e+00
2.642323999680229463e+00
5.941429999438696541e-01
1.598738000211596955e+00
2.599823999844375066e+00
5.482579999807057902e-01
1.547941999888280407e+00
2.542926999922201503e+00
5.032839999330462888e-01
1.503167999544530176e+00
2.506918999642948620e+00
4.569669999909820035e-01
1.455419000194524415e+00
2.454372000102011953e+00
3.972849999627214856e-01
1.402589000463194679e+00
2.397795000433688983e+00
3.590929991332814097e-01
1.356443000076978933e+00
2.344225000342703424e+00
3.319420002299011685e-01
1.328711000496696215e+00
2.329687999917950947e+00
2.912259997174260207e-01
1.289427999836334493e+00
2.289121999638155103e+00
2.546770001572440378e-01
1.254011000128230080e+00
2.252883999972254969e+00
2.049550002993782982e-01
1.202854999974078964e+00
2.197520999288826715e+00
1.710699998511699960e-01
1.172158000372292008e+00
2.157855000405106694e+00
8.269499994639772922e-02
1.061850000041886233e+00
2.060472999801277183e+00
1.820400029828306288e-02
9.945550000338698737e-01
1.994087999264593236e+00
2.995064000060665421e+00
9.464439999646856450e-01
1.945005999914428685e+00
2.946243999758735299e+00
8.994059999167802744e-01
1.904941000248072669e+00
2.906008000536530744e+00
8.600820001447573304e-01
1.860036999460135121e+00
2.855132000149751548e+00
8.528289999958360568e-01
1.852944000347633846e+00
2.883818000555038452e+00
8.430400002907845192e-01
1.841692999732913449e+00
2.842699999746400863e+00
7.900310001787147485e-01
1.839728999584622215e+00
2.828263000083097722e+00
7.807030006006243639e-01
1.781279999704565853e+00
2.773139999590057414e+00
7.216029998744488694e-01
1.722688999507226981e+00
2.733846000410267152e+00
6.760070000382256694e-01
1.679639000030874740e+00
2.679173000615264755e+00
6.254019999687443487e-01
1.657748000070569105e+00
2.660869999999704305e+00
6.624320003538741730e-01
1.661966999563446734e+00
2.660508000190020539e+00
6.103139994593220763e-01
1.618444999621715397e+00
2.667140000085055362e+00
6.225369997991947457e-01
1.618244999917806126e+00
2.621904999614343978e+00
5.671330000041052699e-01
1.678667000305722468e+00
2.657281999745464418e+00
5.936130000918637961e-01
1.613616000213369261e+00
2.616845999909855891e+00
5.730650000259629451e-01
1.578589999553514645e+00
2.591928999208903406e+00
5.497509991982951760e-01
1.547541000036289915e+00
2.550551000240375288e+00
5.036540005676215515e-01
1.535749000140640419e+00
2.537598000344587490e+00
4.972119995727553032e-01
1.497306999226566404e+00
2.492473000529571436e+00
4.381919998195371591e-01
1.449978000891860574e+00
2.491261999239213765e+00
4.406059997563716024e-01
1.443756000298890285e+00
2.436518000649812166e+00
3.953519999413401820e-01
1.401708000230428297e+00
2.399910000349336769e+00
3.573300000425660983e-01
1.354680000076768920e+00
2.366435999647364952e+00
3.144590000374591909e-01
1.318741999966732692e+00
2.422302000013587531e+00
3.250489999118144624e-01
1.201082000079622958e+00
2.208390000305371359e+00
1.276299999517505057e-01
1.139697000326123089e+00
2.142877000551379751e+00
8.799499937595101073e-02
1.117155000429193024e+00
2.014656999563158024e+00
3.012547000253107399e+00
9.749480004757060669e-01
2.005370000006223563e+00
3.014281000105256680e+00
9.592790001988760196e-01
1.962248999916482717e+00
2.968406000036338810e+00
9.246640001947525889e-01
1.870807000159402378e+00
2.862045999791007489e+00
7.761249999020947143e-01
1.761622000231000129e+00
2.761098000519268680e+00
7.207110002127592452e-01
1.743718999932752922e+00
2.723476999562990386e+00
6.806060000599245541e-01
1.671234000241383910e+00
2.595908000330382492e+00
5.602299997917725705e-01
1.547230999676685315e+00
2.566162000221083872e+00
5.208269994909642264e-01
1.517826000053901225e+00
2.517840999644249678e+00
4.741890006698668003e-01
1.488320999669667799e+00
2.491510999789170455e+00
4.489920002015423961e-01
1.452993999919272028e+00
2.454350999869348016e+00
4.009620006399927661e-01
1.386169000397785567e+00
2.476002000548760407e+00
4.347149997556698509e-01
1.436434000424924307e+00
2.435274999697867315e+00
3.878070001519517973e-01
1.468303000365267508e+00
2.464490000420482829e+00
4.187450003882986493e-01
1.417828000739973504e+00
2.417712999886134639e+00
3.779889993893448263e-01
1.376090000121621415e+00
2.402293000159261283e+00
3.558469998097280040e-01
1.315356000304745976e+00
2.310040999873308465e+00
2.626920004331623204e-01
1.262036000298394356e+00
2.261900999656063505e+00
2.240399999209330417e-01
1.223735000166925602e+00
2.223127999968710355e+00
1.764309999998658895e-01
1.180954000119527336e+00
2.215665000221633818e+00
1.805790006983443163e-01
1.176415000372799113e+00
2.186319999964325689e+00
1.347520001218072139e-01
1.133904999733204022e+00
2.133371000127226580e+00
1.032239997584838420e-01
1.102485999581404030e+00
2.110767999511153903e+00
6.153499998617917299e-02
1.051121000273269601e+00
2.052038000329048373e+00
5.730999873776454479e-03
8.920330001274123788e-01
1.898188999803096522e+00
2.897492000556667335e+00
8.443729993814486079e-01
1.842675000261806417e+00
2.842158999555977061e+00
7.887889996709418483e-01
1.796917999854485970e+00
2.798195999275776558e+00
7.560770000054617412e-01
1.764747999914106913e+00
2.762900000561785419e+00
7.124260000637150370e-01
1.723079999464971479e+00
2.738764000241644681e+00
6.830610000179149210e-01
1.681232000009913463e+00
2.689562000341538806e+00
6.418940001822193153e-01
1.652448000641015824e+00
2.652863000548677519e+00
5.992839996906695887e-01
1.598005999767337926e+00
2.596790000097826123e+00
5.456530006995308213e-01
1.555155999994894955e+00
2.567413999713608064e+00
5.268069999146973714e-01
1.509741000518260989e+00
2.511600000616454054e+00
4.638199998225900345e-01
1.487939999606169295e+00
2.494376999493397307e+00
4.557140000542858616e-01
1.465488000576442573e+00
2.458109000144759193e+00
4.870230004598852247e-01
1.512055000603140797e+00
2.522340000723488629e+00
4.705520004790741950e-01
1.470307000090542715e+00
2.470982999511761591e+00
4.168710001977160573e-01
1.429160000043339096e+00
2.428411999972013291e+00
3.784290001931367442e-01
1.378635000037320424e+00
2.347720999750890769e+00
3.797520002990495414e-01
1.379966999593307264e+00
2.386103999924671371e+00
3.288259995315456763e-01
1.331556999502936378e+00
2.335308000510849524e+00
2.695550001590163447e-01
1.271885000278416555e+00
2.274233999742136803e+00
2.316150003025541082e-01
1.236348000020370819e+00
2.223908999440027401e+00
1.739059998726588674e-01
1.173119000668521039e+00
2.180968999709875789e+00
1.415160004398785532e-01
1.139897000030032359e+00
2.139721999810717534e+00
3.723999998328508809e-02
1.038977999996859580e+00
2.039574999798787758e+00
6.693000614177435637e-03
9.865390002232743427e-01
1.986843999475240707e+00
2.986969999255961739e+00
9.396309997100615874e-01
1.945528000760532450e+00
2.944450000541110057e+00
8.956090005085570738e-01
1.895944999887433369e+00
2.898824000112654176e+00
9.836440003709867597e-01
1.984120999622973613e+00
2.992050000102608465e+00
9.402839996255352162e-01
1.940458000717626419e+00
2.941714999906253070e+00
8.963099999164114706e-01
1.947392000147374347e+00
2.950780999526614323e+00
9.262269995815586299e-01
1.928404999489430338e+00
2.909995000663911924e+00
8.701819997440907173e-01
1.870837000751635060e+00
2.878586999941035174e+00
8.336929995493846945e-01
1.823468000111461151e+00
2.821830999891972169e+00
7.665169996471377090e-01
1.783583999895199668e+00
2.785280999887618236e+00
7.432430002154433168e-01
1.740523000080429483e+00
2.739927000220632181e+00
6.908049999765353277e-01
1.688123999883828219e+00
2.694021000024804380e+00
6.274360002862522379e-01
1.620508000087284017e+00
2.621726000143098645e+00
5.747779996454482898e-01
1.581525000801775604e+00
2.578214000095613301e+00
5.367160001696902327e-01
1.532673999463440850e+00
2.531758000259287655e+00
4.966819997207494453e-01
1.498610000453481916e+00
2.525885000068228692e+00
4.760320007335394621e-01
1.468081999519199599e+00
2.469189999828813598e+00
4.248370005370816216e-01
1.425494000613980461e+00
2.425927999865962192e+00
3.735999998752959073e-01
1.374277000650181435e+00
2.403686999969067983e+00
3.487730000415467657e-01
1.355080999928759411e+00
2.395791000708413776e+00
3.514390000418643467e-01
1.353738000034354627e+00
2.356588000111514702e+00
3.152609997414401732e-01
1.319273999797587749e+00
2.322053000170853920e+00
2.737840004556346685e-01
1.277425000807852484e+00
2.280916000017896295e+00
2.332779995413147844e-01
1.232801000696781557e+00
2.236313000139489304e+00
1.833530004660133272e-01
1.182686999527504668e+00
2.184474999921803828e+00
1.478169997426448390e-01
1.154985000539454632e+00
2.151473000594705809e+00
1.298630004384904169e-01
1.129347000642155763e+00
2.133900999979232438e+00
8.330700075021013618e-02
1.067922000402177218e+00
2.066975000161619391e+00
2.855000275303609669e-03
9.894249997159931809e-01
1.992806999624008313e+00
2.993692000018199906e+00
9.441499996682978235e-01
1.940347999152436387e+00
3.003101000103924889e+00
9.471160001339740120e-01
1.961737999408796895e+00
2.961221999612462241e+00
9.194439999191672541e-01
1.918867999847861938e+00
2.917630000411008950e+00
8.757919995332485996e-01
1.874845000202185474e+00
2.874739000617410056e+00
8.253480000348645262e-01
1.816324999708740506e+00
2.820839000378327910e+00
7.567789998574880883e-01
1.774746999217313714e+00
2.778678999675321393e+00
7.263620000230730511e-01
1.726305999909527600e+00
2.687258000150904991e+00
7.061040005282848142e-01
1.710958000330720097e+00
2.729486999669461511e+00
6.602479998036869802e-01
1.648790999752236530e+00
2.648575000421260484e+00
5.195650001041940413e-01
1.548592999824904837e+00
2.550070999859599397e+00
5.025319997002952732e-01
1.503669000157970004e+00
2.488476000507944264e+00
4.780859999300446361e-01
1.478913000028114766e+00
2.483656999174854718e+00
4.322900003899121657e-01
1.429018999260733835e+00
2.429314999972120859e+00
3.638529997260775417e-01
1.403391000167175662e+00
2.408096000181103591e+00
3.574299998945207335e-01
1.356653000584628899e+00
2.343094000025303103e+00
2.873080002245842479e-01
1.286210999751347117e+00
2.290704999722947832e+00
2.370440006416174583e-01
1.228102999448310584e+00
2.227166000011493452e+00
1.521960002719424665e-01
1.161117000265221577e+00
2.160159999220923055e+00
1.146650001828675158e-01
1.111092999963148031e+00
2.110606999849551357e+00
5.933200009167194366e-02
1.061359999766864348e+00
2.103112999975564890e+00
5.111500013299519196e-02
1.050529999702121131e+00
2.050144000349973794e+00
4.057999831275083125e-03
9.850559999904362485e-01
1.983047000067017507e+00
2.987862999361823313e+00
9.384499999214312993e-01
1.911603999360522721e+00
2.912380999987362884e+00
8.626270000604563393e-01
1.863444000264280476e+00
2.861605999896710273e+00
8.162799995261593722e-01
1.824871999815513846e+00
2.812323999933141749e+00
7.651539999642409384e-01
1.764548000210197642e+00
2.770344000055047218e+00
7.216929998321575113e-01
1.702542000202811323e+00
2.702036000300722662e+00
6.557790002261754125e-01
1.675260999945749063e+00
2.674524000212841202e+00
6.271459997151396237e-01
1.626580000447575003e+00
2.626903999953356106e+00
5.784739996670396067e-01
1.590762999512662645e+00
2.593832999991718680e+00
5.471150006997049786e-01
1.539445999696908984e+00
2.538269000069703907e+00
4.911409996566362679e-01
1.491076000093016773e+00
2.489726999556296505e+00
4.233030003888416104e-01
1.429870999345439486e+00
2.445053999508672860e+00
4.132949998165713623e-01
1.430663000064669177e+00
2.453970000715344213e+00
4.279920003682491370e-01
1.430712000001221895e+00
2.438120999613602180e+00
3.994179996880120598e-01
1.402779999807535205e+00
2.388296999924932607e+00
3.473910001048352569e-01
1.349529999970400240e+00
2.353423000386101194e+00
3.293669997219694778e-01
1.330273999883502256e+00
2.352811000491783489e+00
3.216730001440737396e-01
1.325244000327074900e+00
2.326822999748401344e+00
2.907050002249889076e-01
1.280239999687182717e+00
2.273222000440000556e+00
2.539159995649242774e-01
1.249142000233405270e+00
2.257893999740190338e+00
2.055149998341221362e-01
1.206130999889865052e+00
2.205906000199320260e+00
1.534069997433107346e-01
1.156848999926296528e+00
2.164198000173200853e+00
1.200149999931454659e-01
1.119419000133348163e+00
2.113923000251816120e+00
5.101599981571780518e-02
1.057923000189475715e+00
2.061153999420639593e+00
2.066900015051942319e-02
9.867299995676148683e-01
1.983208000638114754e+00
2.965069000310904812e+00
9.306749998359009624e-01
1.930388999426213559e+00
2.929442000095150433e+00
8.782670001892256550e-01
1.876908999292936642e+00
2.880491000723850448e+00
8.193359999495442025e-01
1.826794999942649156e+00
2.825547000611550175e+00
7.716170002822764218e-01
1.771741999618825503e+00
2.770785000393516384e+00
7.539340003859251738e-01
1.772051999978430104e+00
2.791483000692096539e+00
7.264519999807816930e-01
1.708331999907386489e+00
2.709079999476671219e+00
6.587150000996189192e-01
1.668227999289229047e+00
2.669825999873864930e+00
6.214750001163338311e-01
1.621430000341206323e+00
2.621174999148934148e+00
6.206940006450167857e-01
1.615900000615511090e+00
2.622044999952777289e+00
5.686360000254353508e-01
1.565905999996175524e+00
2.566832999946200289e+00
5.070399993201135658e-01
1.523165999969933182e+00
2.520865999940724578e+00
4.577180006890557706e-01
1.456440999390906654e+00
2.452257000186364166e+00
4.014219994132872671e-01
1.400115999786066823e+00
2.401232000011077616e+00
3.434139998717000708e-01
1.342005999504181091e+00
2.334105000045383349e+00
2.622319998408784159e-01
1.286241999878257047e+00
2.283670999531750567e+00
2.312730002813623287e-01
1.232952000464138109e+00
2.227134999884583522e+00
1.775529999576974660e-01
1.177848000224912539e+00
2.183723000598547515e+00
1.337210005658562295e-01
1.118697000492829829e+00
2.119372999914048705e+00
7.062300028337631375e-02
1.069635999556339812e+00
2.067977000479004346e+00
2.046800000243820250e-02
9.919699996316921897e-01
1.991895999708503950e+00
2.992050000102608465e+00
9.411749997525475919e-01
1.960827000402787235e+00
2.967163999528565910e+00
8.988350000436184928e-01
1.894673000606417190e+00
2.902711999922757968e+00
8.518270005879458040e-01
1.880335999885573983e+00
2.893163999942771625e+00
8.395439999731024727e-01
1.858014000390539877e+00
2.863268000510288402e+00
8.210989999497542158e-01
1.860209000369650312e+00
2.853560000403376762e+00
8.261689999926602468e-01
1.829570999689167365e+00
2.833000999999057967e+00
7.866050000302493572e-01
1.792400999875098933e+00
2.788476999739941675e+00
7.439549999617156573e-01
1.748286999827541877e+00
2.750626000306510832e+00
6.998519993430818431e-01
1.698864999525540043e+00
2.699360999940836336e+00
6.455809998442418873e-01
1.644412000132433604e+00
2.642825000293669291e+00
5.877409994354820810e-01
1.597665000190318096e+00
2.616173999740567524e+00
5.662720004693255760e-01
1.568030000271392055e+00
2.565259999755653553e+00
5.142740001247148030e-01
1.513928000349551439e+00
2.511068999410781544e+00
4.683480001403950155e-01
1.474423999752616510e+00
2.498926000043866225e+00
4.345440001998213120e-01
1.435049999599868897e+00
2.489649000381177757e+00
4.602930002874927595e-01
1.470367000365513377e+00
2.474560999871755484e+00
4.281130004528677091e-01
1.428749000297102612e+00
2.428173000225797296e+00
3.863940000883303583e-01
1.388042999678873457e+00
2.389470999332843348e+00
3.399079996597720310e-01
1.337688999228703324e+00
2.344054999412037432e+00
2.561709998190053739e-01
1.264350999917951412e+00
2.253716000268468633e+00
2.016480002566822805e-01
1.207604000228457153e+00
2.203951999945275020e+00
1.999449996219482273e-01
1.200220000100671314e+00
2.206477000072482042e+00
1.579460003995336592e-01
1.153473000158555806e+00
2.150962000087019987e+00
9.323500034952303395e-02
1.094141000066883862e+00
2.095007999741937965e+00
4.807000004802830517e-02
1.057462000062514562e+00
2.054090999990876298e+00
6.512000254588201642e-03
9.655109997765976004e-01
1.967048000551585574e+00
2.967944999909377657e+00
9.126810000452678651e-01
1.913176000016392209e+00
2.822131999892008025e+00
8.478489999106386676e-01
1.838166000197816174e+00
2.845344999514054507e+00
7.911130005595623516e-01
1.775699000063468702e+00
2.783690000796923414e+00
7.262710005306871608e-01
1.740544000313093420e+00
2.737241999966499861e+00
6.969270007175509818e-01
1.696561000244400930e+00
2.658745000189810526e+00
6.218659991645836271e-01
1.621991999854799360e+00
2.644498000336170662e+00
5.909080000492394902e-01
1.589330000570043921e+00
2.593733000139764044e+00
5.403830000432208180e-01
1.544136000120488461e+00
2.541695000218169298e+00
4.944470001646550372e-01
1.494502000241482165e+00
2.479988999766646884e+00
4.265799998393049464e-01
1.424239999323617667e+00
2.426738999929511920e+00
3.770370003621792421e-01
1.365279999845370185e+00
2.365405000091413967e+00
3.044309996766969562e-01
1.352063999547681306e+00
2.346479000152612571e+00
2.904749999288469553e-01
1.289726999857521150e+00
2.287008000166679267e+00
2.331069999854662456e-01
1.231107999956293497e+00
2.239248000478255562e+00
1.865999993242439814e-01
1.179009999759728089e+00
2.182672999879287090e+00
1.244129998667631298e-01
1.148782999734976329e+00
2.151103000869625248e+00
1.226399999723071232e-01
1.145196999459585641e+00
1.996824000343622174e+00
2.999933999490167480e+00
9.485179998591775075e-01
1.959444000021903776e+00
2.968003999740176369e+00
9.221489999617915601e-01
1.920250999319250695e+00
2.931245999207021669e+00
8.832869998514070176e-01
1.861880000433302484e+00
2.876082000511814840e+00
8.039579997785040177e-01
1.778764999471604824e+00
2.781825000056414865e+00
7.312820007427944802e-01
1.775228000042261556e+00
2.765995999652659521e+00
7.164630005718208849e-01
1.717340000141120981e+00
2.716341999985161237e+00
6.682030007141293027e-01
1.664680000430962536e+00
2.706053000110841822e+00
6.552189997819368728e-01
1.588488000379584264e+00
2.582642000561463647e+00
5.363050004234537482e-01
1.539726999908452854e+00
2.529123000385880005e+00
4.793280004378175363e-01
1.478741999562771525e+00
2.476544000273861457e+00
4.271610005162074231e-01
1.427586000318115111e+00
2.443231000142986886e+00
3.946599999835598283e-01
1.364077000289398711e+00
2.386914999988221098e+00
3.044409995709429495e-01
1.421455000127025414e+00
2.453189999869209714e+00
3.801229995588073507e-01
1.376070000333129428e+00
2.375744999881135300e+00
3.245179996156366542e-01
1.363137000225833617e+00
2.364822999879834242e+00
3.221840006517595612e-01
1.322860000072978437e+00
2.326861999790708069e+00
2.836920002664555795e-01
1.300007000281766523e+00
2.297176999491057359e+00
2.527540000301087275e-01
1.255354000022634864e+00
2.241531999970902689e+00
1.976900002773618326e-01
1.197706000311882235e+00
2.208140000220737420e+00
1.538289998279651627e-01
1.152511000327649526e+00
2.150361000531120226e+00
1.146349995906348340e-01
1.121903999774076510e+00
2.119493999998667277e+00
7.517100038967328146e-02
1.076458000170532614e+00
2.073818000098981429e+00
3.953500072384485975e-02
1.039568999658513349e+00
2.038642000115942210e+00
3.038347000256180763e+00
9.697779996713506989e-01
1.965635000487964135e+00
2.965420000691665336e+00
9.163880004052771255e-01
1.915991999339894392e+00
2.916238999205233995e+00
8.717139999134815298e-01
1.880765999885625206e+00
2.878767000765947159e+00
8.239039998443331569e-01
1.828016999752435368e+00
2.815719999489374459e+00
7.393870000669267029e-01
1.735304000249016099e+00
2.733334000367904082e+00
6.844030003776424564e-01
1.682484999946609605e+00
2.695412999855761882e+00
6.506700001409626566e-01
1.651046000006317627e+00
2.651351000167778693e+00
6.035819997123326175e-01
1.602293999894754961e+00
2.601406999929167796e+00
5.569239992837538011e-01
1.554364999719837215e+00
2.555279999796766788e+00
5.065900004410650581e-01
1.499410999713290948e+00
2.496469999641703907e+00
4.190859999653184786e-01
1.420743999915430322e+00
2.420116999928723089e+00
3.770969997276552022e-01
1.376289999825530685e+00
2.357109000513446517e+00
3.245079997213906609e-01
1.324443000157771166e+00
2.329536999241099693e+00
3.102319997196900658e-01
1.306479000049876049e+00
2.308608999555872288e+00
2.641549999680137262e-01
1.267566000024089590e+00
2.263933999529399443e+00
2.108960006808047183e-01
1.204888999382092152e+00
2.201909000177693088e+00
1.851970000643632375e-01
1.179781000246293843e+00
2.180798999688704498e+00
1.338510001005488448e-01
1.130118999753904063e+00
2.164900000025227200e+00
5.072499970992794260e-02
1.134417000685061794e+00
2.140804000191565137e+00
9.038900043378816918e-02
1.092999000320560299e+00
2.083796999613696244e+00
2.500700065866112709e-02
1.023539999550848734e+00
2.027050999458879232e+00
3.036832999896432739e+00
9.686869998404290527e-01
1.966126000297663268e+00
2.966451999782293569e+00
9.169600007226108573e-01
1.916662999974505510e+00
2.922699000009743031e+00
8.762630004639504477e-01
1.875506000033055898e+00
2.873978000025090296e+00
8.203279994631884620e-01
1.832465999541454948e+00
2.830578000612149481e+00
7.829480000509647653e-01
1.781850000043050386e+00
2.781695000521722250e+00
7.622889997946913354e-01
1.769327000147313811e+00
2.772849000393762253e+00
7.303089996639755554e-01
1.727417999973113183e+00
2.730219000113720540e+00
